m1 = 10;    %Mass1(kg)
m2 = 100;   %Mass2(kg)
c1 = 100;
c2 = 1000;
k1 = 10^4;
k2 = 10^5;
T_end = 10;
